kinematics:
  shoulder:
    x: 0
    y: 0
    z: 0.15202748091203278
    roll: -0
    pitch: 0
    yaw: 5.4061126665561066e-08
  upper_arm:
    x: -9.7627111713949308e-05
    y: 0
    z: 0
    roll: 1.5703986412144695
    pitch: 0
    yaw: -6.689749042720905e-06
  forearm:
    x: -0.24396593072643519
    y: 0
    z: 0
    roll: 0.0017842111402358936
    pitch: 0.0021872529272803963
    yaw: -1.0910463619303205e-05
  wrist_1:
    x: -0.21334181578978445
    y: -0.00056803440611422767
    z: 0.13134236455760312
    roll: 0.0043248107076513664
    pitch: 0.00018191530777242695
    yaw: 9.2073466238351984e-06
  wrist_2:
    x: -1.804924730883539e-05
    y: -0.085443371360309606
    z: -7.0130010754990683e-05
    roll: 1.5716171042746494
    pitch: 0
    yaw: 1.7491902777125314e-06
  wrist_3:
    x: -0.000112026289795465
    y: 0.092245564491434034
    z: -5.3658703838559233e-05
    roll: 1.570214632725569
    pitch: 3.1415926535897931
    yaw: -3.1415925645670049
  hash: calib_3542657608815561589